hog_val.hog_descriptor_dict: {0: [array([0., 0., 0., ..., 0., 0., 0.]), array([1., 0., 0., ..., 0., 0., 0.])], 1: [array([0., 0., 0., ..., 0., 0., 0.]), array([0., 0., 0., ..., 0., 0., 0.])], 2: [array([1., 0., 0., ..., 0., 0., 0.]), array([0.68369025, 0.21582952, 0.13031099, ..., 0.11109992, 0.18679244,
       0.67430208])], 3: [array([0., 0., 0., ..., 0., 0., 0.]), array([0.52129788, 0.52129788, 0.52129788, ..., 0.33967282, 0.33967282,
       0.33967282])], 4: [array([0., 0., 0., ..., 0., 0., 0.]), array([0.69117717, 0.18192948, 0.09872465, ..., 0.10067035, 0.1181349 ,
       0.6768033 ])], 5: [array([0.70647667, 0.03859749, 0.01124019, ..., 0.02604684, 0.03068461,
       0.70477103]), array([0., 0., 0., ..., 0., 0., 0.])], 6: [array([0., 0., 0., ..., 0., 0., 0.]), array([1., 0., 0., ..., 0., 0., 0.])], 7: [array([1., 0., 0., ..., 0., 0., 0.]), array([1., 0., 0., ..., 0., 0., 0.])], 8: [array([0., 0., 0., ..., 0., 0., 0.]), array([1., 0., 0., ..., 0., 0., 0.])], 9: [array([0., 0., 0., ..., 0., 0., 0.]), array([0.6977074 , 0.14115643, 0.07727378, ..., 0.02795241, 0.05669474,
       0.70117537])], 10: [array([0.70485006, 0.07388333, 0.0194719 , ..., 0.01990563, 0.12080395,
       0.69952409]), array([0., 0., 0., ..., 0., 0., 0.])], 11: [array([0., 0., 0., ..., 0., 0., 0.]), array([1., 0., 0., ..., 0., 0., 0.])], 12: [array([0., 0., 0., ..., 0., 0., 0.]), array([0.70649757, 0.02764388, 0.02997562, ..., 0.00952155, 0.08269843,
       0.70190713])], 13: [array([0., 0., 0., ..., 0., 0., 0.]), array([0., 0., 0., ..., 0., 0., 0.])], 14: [array([0., 0., 0., ..., 0., 0., 0.]), array([0.70700682, 0.00329268, 0.00104124, ..., 0.        , 0.04141677,
       0.4423788 ])], 15: [array([0., 0., 0., ..., 0., 0., 0.]), array([1., 0., 0., ..., 0., 0., 0.])], 16: [array([0., 0., 0., ..., 0., 0., 0.]), array([0.74415107, 0.00302968, 0.0024426 , ..., 0.        , 0.00256955,
       0.70710445])], 17: [array([1., 0., 0., ..., 0., 0., 0.]), array([1., 0., 0., ..., 0., 0., 0.])], 18: [array([1., 0., 0., ..., 0., 0., 0.]), array([1., 0., 0., ..., 0., 0., 0.])], 19: [array([0.54839744, 0.48664779, 0.37715589, ..., 0.3087298 , 0.30315659,
       0.5672857 ]), array([1., 0., 0., ..., 0., 0., 0.])], 20: [array([1., 0., 0., ..., 0., 0., 0.]), array([0., 0., 0., ..., 0., 0., 0.])], 21: [array([0., 0., 0., ..., 0., 0., 0.]), array([0.70693278, 0.00433346, 0.0091935 , ..., 0.02967242, 0.0491157 ,
       0.70401164])], 22: [array([0., 0., 0., ..., 0., 0., 0.]), array([1., 0., 0., ..., 0., 0., 0.])], 23: [array([0., 0., 0., ..., 0., 0., 0.]), array([1., 0., 0., ..., 0., 0., 0.])], 24: [array([0., 0., 0., ..., 0., 0., 0.]), array([0., 0., 0., ..., 0., 0., 0.])], 25: [array([0., 0., 0., ..., 0., 0., 0.]), array([0., 0., 0., ..., 0., 0., 0.])], 26: [array([0., 0., 0., ..., 0., 0., 0.]), array([1., 0., 0., ..., 0., 0., 0.])], 27: [array([0., 0., 0., ..., 0., 0., 0.]), array([0.59351899, 0.48552806, 0.23085061, ..., 0.03985325, 0.05623898,
       0.5392749 ])], 28: [array([0., 0., 0., ..., 0., 0., 0.]), array([0.05250924, 0.12689319, 0.22052677, ..., 0.15335201, 0.22734879,
       0.04645993])], 29: [array([1., 0., 0., ..., 0., 0., 0.]), array([0., 0., 0., ..., 0., 0., 0.])], 30: [array([0., 0., 0., ..., 0., 0., 0.]), array([1., 0., 0., ..., 0., 0., 0.])], 31: [array([1., 0., 0., ..., 0., 0., 0.]), array([1., 0., 0., ..., 0., 0., 0.])], 32: [array([0., 0., 0., ..., 0., 0., 0.]), array([0.6948037 , 0.13898822, 0.1165794 , ..., 0.11136318, 0.17212162,
       0.67831828])], 33: [array([0., 0., 0., ..., 0., 0., 0.]), array([0., 0., 0., ..., 0., 0., 0.])], 34: [array([0., 0., 0., ..., 0., 0., 0.]), array([0.70710239, 0.        , 0.        , ..., 0.01455857, 0.01150956,
       0.54620757])], 35: [array([0., 0., 0., ..., 0., 0., 0.]), array([0., 0., 0., ..., 0., 0., 0.])], 36: [array([0.01234216, 0.01611933, 0.02539899, ..., 0.00993556, 0.00381011,
       0.        ]), array([0., 0., 0., ..., 0., 0., 0.])], 37: [array([0.70515125, 0.06558719, 0.03049272, ..., 0.07293317, 0.14122628,
       0.68490954]), array([0., 0., 0., ..., 0., 0., 0.])], 38: [array([1., 0., 0., ..., 0., 0., 0.]), array([0.03304324, 0.0709122 , 0.14950136, ..., 0.13513899, 0.05763095,
       0.04614163])], 39: [array([0., 0., 0., ..., 0., 0., 0.]), array([0., 0., 0., ..., 0., 0., 0.])], 40: [array([1., 0., 0., ..., 0., 0., 0.]), array([0., 0., 0., ..., 0., 0., 0.])], 41: [array([0., 0., 0., ..., 0., 0., 0.]), array([0.70383658, 0.07627996, 0.05441726, ..., 0.03228606, 0.0699075 ,
       0.68333013])], 42: [array([1., 0., 0., ..., 0., 0., 0.]), array([0.69934316, 0.1341582 , 0.04869283, ..., 0.14081448, 0.19100035,
       0.64212097])], 43: [array([0., 0., 0., ..., 0., 0., 0.]), array([0., 0., 0., ..., 0., 0., 0.])], 44: [array([0., 0., 0., ..., 0., 0., 0.]), array([0., 0., 0., ..., 0., 0., 0.])], 45: [array([0., 0., 0., ..., 0., 0., 0.]), array([0., 0., 0., ..., 0., 0., 0.])], 46: [array([0.68943059, 0.14118355, 0.11779608, ..., 0.2989787 , 0.36175755,
       0.50844476]), array([0.70685999, 0.0174459 , 0.01263888, ..., 0.20224647, 0.12861666,
       0.66761877])], 47: [array([0., 0., 0., ..., 0., 0., 0.]), array([0.70309736, 0.09258503, 0.0505059 , ..., 0.04604783, 0.0818509 ,
       0.6990766 ])], 48: [array([0., 0., 0., ..., 0., 0., 0.]), array([1., 0., 0., ..., 0., 0., 0.])], 49: [array([1., 0., 0., ..., 0., 0., 0.]), array([1., 0., 0., ..., 0., 0., 0.])], 50: [array([0., 0., 0., ..., 0., 0., 0.]), array([0., 0., 0., ..., 0., 0., 0.])], 51: [array([0.70592419, 0.04125862, 0.03956717, ..., 0.03198597, 0.21076748,
       0.65334025]), array([1., 0., 0., ..., 0., 0., 0.])], 52: [array([0.70203568, 0.10089101, 0.0512123 , ..., 0.01418899, 0.1198517 ,
       0.49596024]), array([0.68917516, 0.20806499, 0.07976381, ..., 0.01864841, 0.20037467,
       0.52801944])], 53: [array([0., 0., 0., ..., 0., 0., 0.]), array([0.00313753, 0.00337111, 0.01442939, ..., 0.00369867, 0.        ,
       0.        ])], 54: [array([0.6996359 , 0.11788964, 0.07716451, ..., 0.05797901, 0.10365282,
       0.69702393]), array([0., 0., 0., ..., 0., 0., 0.])], 55: [array([1., 0., 0., ..., 0., 0., 0.]), array([0.03243382, 0.02437639, 0.03416206, ..., 0.09084452, 0.        ,
       0.        ])], 56: [array([0., 0., 0., ..., 0., 0., 0.]), array([0., 0., 0., ..., 0., 0., 0.])], 57: [array([1., 0., 0., ..., 0., 0., 0.]), array([0.70573065, 0.05583507, 0.01979853, ..., 0.05719257, 0.11340041,
       0.69899291])], 58: [array([0., 0., 0., ..., 0., 0., 0.]), array([0., 0., 0., ..., 0., 0., 0.])], 59: [array([0., 0., 0., ..., 0., 0., 0.]), array([0., 0., 0., ..., 0., 0., 0.])], 60: [array([0.68816321, 0.2010769 , 0.10247182, ..., 0.19574668, 0.20038245,
       0.63458232]), array([0.7035003 , 0.08571261, 0.04500503, ..., 0.        , 0.00333349,
       0.58419385])], 61: [array([1., 0., 0., ..., 0., 0., 0.]), array([0.70707813, 0.00593582, 0.00187707, ..., 0.03356436, 0.        ,
       0.70536274])], 62: [array([0., 0., 0., ..., 0., 0., 0.]), array([1., 0., 0., ..., 0., 0., 0.])], 63: [array([0., 0., 0., ..., 0., 0., 0.]), array([1., 0., 0., ..., 0., 0., 0.])], 64: [array([1., 0., 0., ..., 0., 0., 0.]), array([1., 0., 0., ..., 0., 0., 0.])], 65: [array([0.69394564, 0.16797146, 0.08435202, ..., 0.27715934, 0.17700972,
       0.63154323]), array([0.01900553, 0.0109303 , 0.02685118, ..., 0.0703791 , 0.        ,
       0.0054542 ])], 66: [array([1., 0., 0., ..., 0., 0., 0.]), array([0.6962379 , 0.15672458, 0.07451129, ..., 0.07795235, 0.22344362,
       0.66280313])], 67: [array([0., 0., 0., ..., 0., 0., 0.]), array([0., 0., 0., ..., 0., 0., 0.])], 68: [array([1., 0., 0., ..., 0., 0., 0.]), array([0.70523234, 0.05721446, 0.03514549, ..., 0.08663681, 0.17068336,
       0.4753537 ])], 69: [array([1., 0., 0., ..., 0., 0., 0.]), array([0., 0., 0., ..., 0., 0., 0.])], 70: [array([0., 0., 0., ..., 0., 0., 0.]), array([0., 0., 0., ..., 0., 0., 0.])], 71: [array([0., 0., 0., ..., 0., 0., 0.]), array([0., 0., 0., ..., 0., 0., 0.])], 72: [array([1., 0., 0., ..., 0., 0., 0.]), array([1., 0., 0., ..., 0., 0., 0.])], 73: [array([0., 0., 0., ..., 0., 0., 0.]), array([0., 0., 0., ..., 0., 0., 0.])], 74: [array([1., 0., 0., ..., 0., 0., 0.]), array([0., 0., 0., ..., 0., 0., 0.])], 75: [array([0.70689911, 0.01931892, 0.00905658, ..., 0.00312051, 0.0497643 ,
       0.70576668]), array([0., 0., 0., ..., 0., 0., 0.])], 76: [array([1., 0., 0., ..., 0., 0., 0.]), array([0., 0., 0., ..., 0., 0., 0.])], 77: [array([0., 0., 0., ..., 0., 0., 0.]), array([1., 0., 0., ..., 0., 0., 0.])], 78: [array([0., 0., 0., ..., 0., 0., 0.]), array([0., 0., 0., ..., 0., 0., 0.])], 79: [array([0., 0., 0., ..., 0., 0., 0.]), array([0., 0., 0., ..., 0., 0., 0.])], 80: [array([0.67647139, 0.24999708, 0.13689032, ..., 0.2641778 , 0.21725999,
       0.59212737]), array([0.70706156, 0.        , 0.        , ..., 0.06169178, 0.03277622,
       0.70404748])], 81: [array([1., 0., 0., ..., 0., 0., 0.]), array([0.70651594, 0.03177618, 0.00495239, ..., 0.02287949, 0.05589713,
       0.70302332])], 82: [array([0., 0., 0., ..., 0., 0., 0.]), array([1., 0., 0., ..., 0., 0., 0.])], 83: [array([1., 0., 0., ..., 0., 0., 0.]), array([1., 0., 0., ..., 0., 0., 0.])], 84: [array([0., 0., 0., ..., 0., 0., 0.]), array([0.03604509, 0.12073181, 0.11777361, ..., 0.08814279, 0.04134865,
       0.02561765])], 85: [array([1., 0., 0., ..., 0., 0., 0.]), array([0., 0., 0., ..., 0., 0., 0.])], 86: [array([0., 0., 0., ..., 0., 0., 0.]), array([0., 0., 0., ..., 0., 0., 0.])], 87: [array([1., 0., 0., ..., 0., 0., 0.]), array([0., 0., 0., ..., 0., 0., 0.])], 88: [array([0., 0., 0., ..., 0., 0., 0.]), array([0., 0., 0., ..., 0., 0., 0.])], 89: [array([0., 0., 0., ..., 0., 0., 0.]), array([0.62981499, 0.30942056, 0.3060116 , ..., 0.17519536, 0.23077038,
       0.59096965])], 90: [array([0., 0., 0., ..., 0., 0., 0.]), array([1., 0., 0., ..., 0., 0., 0.])], 91: [array([0., 0., 0., ..., 0., 0., 0.]), array([0., 0., 0., ..., 0., 0., 0.])], 92: [array([0., 0., 0., ..., 0., 0., 0.]), array([1., 0., 0., ..., 0., 0., 0.])], 93: [array([0., 0., 0., ..., 0., 0., 0.]), array([0.02301129, 0.05738462, 0.20046756, ..., 0.02578694, 0.04263914,
       0.10076765])], 94: [array([0.70060361, 0.12206355, 0.03834256, ..., 0.01028755, 0.        ,
       0.56709259]), array([0., 0., 0., ..., 0., 0., 0.])], 95: [array([1., 0., 0., ..., 0., 0., 0.]), array([0., 0., 0., ..., 0., 0., 0.])], 96: [array([0., 0., 0., ..., 0., 0., 0.]), array([0.79256566, 0.15050521, 0.08547283, ..., 0.07691253, 0.08950689,
       0.66089596])], 97: [array([0., 0., 0., ..., 0., 0., 0.]), array([1.        , 0.        , 0.        , ..., 0.        , 0.        ,
       0.33392639])], 98: [array([1., 0., 0., ..., 0., 0., 0.]), array([0., 0., 0., ..., 0., 0., 0.])], 99: [array([0., 0., 0., ..., 0., 0., 0.]), array([0., 0., 0., ..., 0., 0., 0.])], 100: [array([1., 0., 0., ..., 0., 0., 0.]), array([0., 0., 0., ..., 0., 0., 0.])], 101: [array([1., 0., 0., ..., 0., 0., 0.]), array([0.70689063, 0.01705208, 0.00737411, ..., 0.02204934, 0.01713323,
       0.70471407])], 102: [array([0., 0., 0., ..., 0., 0., 0.]), array([0.81989821, 0.05036286, 0.01082801, ..., 0.02054053, 0.04681374,
       0.5931809 ])], 103: [array([0.69244858, 0.1072647 , 0.12328912, ..., 0.00810387, 0.01492471,
       0.55235754]), array([0.69995984, 0.08257398, 0.09800578, ..., 0.00364207, 0.        ,
       0.6158072 ])], 104: [array([0., 0., 0., ..., 0., 0., 0.]), array([0., 0., 0., ..., 0., 0., 0.])], 105: [array([0., 0., 0., ..., 0., 0., 0.]), array([0., 0., 0., ..., 0., 0., 0.])], 106: [array([1., 0., 0., ..., 0., 0., 0.]), array([0., 0., 0., ..., 0., 0., 0.])], 107: [array([1., 0., 0., ..., 0., 0., 0.]), array([0.04036577, 0.05744678, 0.12396109, ..., 0.01626828, 0.03029118,
       0.02602739])], 108: [array([1., 0., 0., ..., 0., 0., 0.]), array([1., 0., 0., ..., 0., 0., 0.])], 109: [array([0.69530541, 0.17153921, 0.04934173, ..., 0.01363693, 0.00729219,
       0.66536777]), array([1., 0., 0., ..., 0., 0., 0.])], 110: [array([0., 0., 0., ..., 0., 0., 0.]), array([1., 0., 0., ..., 0., 0., 0.])], 111: [array([0., 0., 0., ..., 0., 0., 0.]), array([0., 0., 0., ..., 0., 0., 0.])], 112: [array([0., 0., 0., ..., 0., 0., 0.]), array([1., 0., 0., ..., 0., 0., 0.])], 113: [array([0., 0., 0., ..., 0., 0., 0.]), array([1., 0., 0., ..., 0., 0., 0.])], 114: [array([0., 0., 0., ..., 0., 0., 0.]), array([0., 0., 0., ..., 0., 0., 0.])], 115: [array([1., 0., 0., ..., 0., 0., 0.]), array([0., 0., 0., ..., 0., 0., 0.])], 116: [array([0.10882765, 0.22827542, 0.31498402, ..., 0.2414689 , 0.17282555,
       0.15847111]), array([0.70628501, 0.04176423, 0.01464377, ..., 0.01666297, 0.07526142,
       0.70382892])], 117: [array([0., 0., 0., ..., 0., 0., 0.]), array([0., 0., 0., ..., 0., 0., 0.])], 118: [array([1., 0., 0., ..., 0., 0., 0.]), array([0.7059305 , 0.05464545, 0.01039951, ..., 0.13396471, 0.15070582,
       0.66243485])], 119: [array([1., 0., 0., ..., 0., 0., 0.]), array([1., 0., 0., ..., 0., 0., 0.])], 120: [array([0., 0., 0., ..., 0., 0., 0.]), array([0.06743569, 0.10657403, 0.17775698, ..., 0.0208856 , 0.01438396,
       0.01281689])], 121: [array([0., 0., 0., ..., 0., 0., 0.]), array([0., 0., 0., ..., 0., 0., 0.])], 122: [array([0.69809708, 0.14762732, 0.05371594, ..., 0.09418806, 0.10696776,
       0.50316041]), array([0.04269595, 0.07856069, 0.18169125, ..., 0.0311236 , 0.01539356,
       0.00329348])], 123: [array([0., 0., 0., ..., 0., 0., 0.]), array([0., 0., 0., ..., 0., 0., 0.])], 124: [array([1., 0., 0., ..., 0., 0., 0.]), array([0., 0., 0., ..., 0., 0., 0.])], 125: [array([0.70142379, 0.0730591 , 0.09235772, ..., 0.        , 0.03018397,
       0.49795212]), array([0., 0., 0., ..., 0., 0., 0.])], 126: [array([0.73632297, 0.01149626, 0.00566352, ..., 0.00379623, 0.01723171,
       0.67315574]), array([0.40398213, 0.40398213, 0.40398213, ..., 0.33333333, 0.33333333,
       0.33333333])], 127: [array([0.70606787, 0.0518643 , 0.00200807, ..., 0.04599059, 0.0833498 ,
       0.65141497]), array([1., 0., 0., ..., 0., 0., 0.])], 128: [array([0., 0., 0., ..., 0., 0., 0.]), array([0., 0., 0., ..., 0., 0., 0.])], 129: [array([0., 0., 0., ..., 0., 0., 0.]), array([1., 0., 0., ..., 0., 0., 0.])], 130: [array([0.70666849, 0.02398   , 0.01679674, ..., 0.04517933, 0.04460327,
       0.69776496]), array([0., 0., 0., ..., 0., 0., 0.])], 131: [array([0.00144394, 0.00161438, 0.02325035, ..., 0.00948796, 0.        ,
       0.        ]), array([1., 0., 0., ..., 0., 0., 0.])], 132: [array([0.05799528, 0.07598083, 0.14474412, ..., 0.23278805, 0.10630099,
       0.04128269]), array([1., 0., 0., ..., 0., 0., 0.])], 133: [array([0., 0., 0., ..., 0., 0., 0.]), array([0., 0., 0., ..., 0., 0., 0.])], 134: [array([0.67562613, 0.24025818, 0.16831248, ..., 0.00244189, 0.00818663,
       0.49887086]), array([1., 0., 0., ..., 0., 0., 0.])], 135: [array([0.6579712 , 0.33834976, 0.13129102, ..., 0.13715427, 0.11006034,
       0.51567852]), array([0., 0., 0., ..., 0., 0., 0.])], 136: [array([0.01180403, 0.00527938, 0.00676671, ..., 0.0623183 , 0.01674898,
       0.        ]), array([0., 0., 0., ..., 0., 0., 0.])], 137: [array([0.70707794, 0.00615966, 0.00194786, ..., 0.03883656, 0.00825118,
       0.70567034]), array([1., 0., 0., ..., 0., 0., 0.])], 138: [array([0., 0., 0., ..., 0., 0., 0.]), array([0.0304343 , 0.05809038, 0.11921397, ..., 0.        , 0.        ,
       0.        ])], 139: [array([0., 0., 0., ..., 0., 0., 0.]), array([0., 0., 0., ..., 0., 0., 0.])], 140: [array([0., 0., 0., ..., 0., 0., 0.]), array([1., 0., 0., ..., 0., 0., 0.])], 141: [array([0.70647981, 0.03428014, 0.01411396, ..., 0.03456473, 0.07693738,
       0.70240108]), array([0., 0., 0., ..., 0., 0., 0.])], 142: [array([0.70628596, 0.04171966, 0.01705862, ..., 0.03775818, 0.08605916,
       0.70158823]), array([0., 0., 0., ..., 0., 0., 0.])], 143: [array([0., 0., 0., ..., 0., 0., 0.]), array([1., 0., 0., ..., 0., 0., 0.])], 144: [array([0., 0., 0., ..., 0., 0., 0.]), array([1., 0., 0., ..., 0., 0., 0.])], 145: [array([0., 0., 0., ..., 0., 0., 0.]), array([0., 0., 0., ..., 0., 0., 0.])], 146: [array([0., 0., 0., ..., 0., 0., 0.]), array([1., 0., 0., ..., 0., 0., 0.])], 147: [array([0.70710511, 0.00153685, 0.00097199, ..., 0.03691363, 0.03642798,
       0.53759827]), array([1., 0., 0., ..., 0., 0., 0.])], 148: [array([1., 0., 0., ..., 0., 0., 0.]), array([0.67720862, 0.27985859, 0.05735324, ..., 0.        , 0.00811851,
       0.50213678])], 149: [array([0., 0., 0., ..., 0., 0., 0.]), array([1., 0., 0., ..., 0., 0., 0.])], 150: [array([0., 0., 0., ..., 0., 0., 0.]), array([0., 0., 0., ..., 0., 0., 0.])], 151: [array([0.70709829, 0.00161553, 0.00306525, ..., 0.        , 0.01867595,
       0.70695627]), array([0., 0., 0., ..., 0., 0., 0.])], 152: [array([0.00525823, 0.03449124, 0.04314833, ..., 0.01021101, 0.00201813,
       0.        ]), array([1., 0., 0., ..., 0., 0., 0.])], 153: [array([0.70169366, 0.10412659, 0.06475525, ..., 0.11059343, 0.0949809 ,
       0.55045704]), array([1., 0., 0., ..., 0., 0., 0.])], 154: [array([0., 0., 0., ..., 0., 0., 0.]), array([0., 0., 0., ..., 0., 0., 0.])], 155: [array([0., 0., 0., ..., 0., 0., 0.]), array([1., 0., 0., ..., 0., 0., 0.])]}
